     0/199    0.434G   0.06233   0.01798         0   0.08031        23       640   0.02109   0.08313  0.008916  0.001515   0.08743   0.02104         0
     1/199     2.64G   0.05966    0.0152         0   0.07486        25       640  0.006302    0.2176  0.003186 0.0004477   0.08926   0.01897         0
     2/199     3.27G   0.05846   0.01478         0   0.07324        24       640   0.05131    0.1687   0.02068  0.003583   0.08918   0.02065         0
     3/199     3.27G   0.05693   0.01436         0    0.0713        19       640    0.1039    0.1491   0.04444  0.009034   0.09136   0.02019         0
     4/199     3.27G   0.05399   0.01384         0   0.06783        22       640   0.08288    0.1516   0.03402  0.006273   0.08569   0.02003         0
     5/199     3.27G    0.0504   0.01387         0   0.06428        15       640    0.1817    0.2152    0.1213   0.02762   0.09326   0.01889         0
     6/199     3.27G   0.04947   0.01323         0    0.0627        15       640    0.2188    0.2934    0.1389   0.03733   0.09073   0.02039         0
     7/199     3.27G   0.04589   0.01321         0   0.05911        27       640    0.3027    0.2908    0.1911   0.05645   0.08327   0.01993         0
     8/199     3.27G   0.04309    0.0134         0   0.05649        26       640    0.4246     0.401    0.3599    0.1181   0.08152   0.01962         0
     9/199     3.27G   0.04264   0.01256         0    0.0552        15       640    0.5963     0.549    0.5341    0.2049   0.08501   0.01776         0
    10/199     3.27G   0.04085    0.0122         0   0.05304        21       640    0.6682    0.6303    0.6545    0.2833   0.08094   0.01816         0
    11/199     3.27G   0.03895   0.01203         0   0.05098        15       640    0.7093    0.6161    0.6654    0.2984    0.0755   0.01809         0
    12/199     3.27G   0.03929   0.01191         0    0.0512        20       640    0.6549     0.594    0.6198    0.2425    0.0845   0.01795         0
    13/199     3.27G   0.03917   0.01184         0   0.05101        20       640    0.7129    0.7262    0.7393    0.3541   0.08213   0.01818         0
    14/199     3.27G   0.03755   0.01178         0   0.04933        23       640    0.7695     0.687    0.7565    0.3567    0.0796    0.0175         0
    15/199     3.27G   0.03352   0.01104         0   0.04457        25       640    0.8429    0.8142    0.8657    0.4319   0.07924    0.0167         0
    16/199     3.27G   0.03291   0.01095         0   0.04387        20       640    0.8109    0.7873    0.8592    0.4357    0.0808   0.01611         0
    17/199     3.27G   0.03225   0.01085         0   0.04309        26       640    0.8319    0.7746    0.8514    0.4553   0.07848   0.01635         0
    18/199     3.27G   0.03406   0.01062         0   0.04468        24       640    0.8382     0.824    0.8665    0.4901   0.07976   0.01549         0
    19/199     3.27G   0.03255   0.01049         0   0.04305        29       640    0.8451     0.802    0.8644    0.4954   0.07864    0.0152         0
    20/199     3.27G   0.03203   0.01032         0   0.04235        24       640    0.8051    0.8687    0.8894    0.4933   0.07602   0.01773         0
    21/199     3.27G    0.0302   0.01019         0    0.0404        26       640    0.8612    0.8797    0.9127    0.5206   0.07616   0.01606         0
    22/199     3.27G   0.02936   0.01012         0   0.03948        18       640    0.8784    0.8851    0.9232    0.5623    0.0775   0.01392         0
    23/199     3.27G   0.02845  0.009946         0    0.0384        19       640    0.8557    0.8851     0.921    0.5635    0.0754   0.01452         0
    24/199     3.27G    0.0275  0.009675         0   0.03718        23       640     0.888    0.8531    0.9195    0.5758    0.0742   0.01413         0
    25/199     3.27G    0.0283  0.009575         0   0.03787        17       640    0.8955    0.8799    0.9427    0.5888   0.07596   0.01384         0
    26/199     3.27G   0.02757  0.009296         0   0.03687        17       640    0.8954    0.9046    0.9472    0.6081   0.07269   0.01416         0
    27/199     3.27G   0.02644  0.009387         0   0.03583        24       640      0.87    0.9161      0.94    0.6013   0.07505    0.0139         0
    28/199     3.27G   0.02618  0.009251         0   0.03543        21       640    0.8858    0.9095    0.9387    0.6158   0.07628   0.01442         0
    29/199     3.27G   0.02926  0.009396         0   0.03866        21       640    0.9098    0.8874    0.9408    0.6306    0.0742   0.01499         0
    30/199     3.27G   0.02626  0.009161         0   0.03542        20       640    0.8986    0.9314    0.9593    0.6341   0.07118   0.01426         0
    31/199     3.27G   0.02498  0.008836         0   0.03381        11       640    0.9354    0.8851    0.9615    0.6288   0.07154   0.01462         0
    32/199     3.27G   0.02742  0.009193         0   0.03662        28       640    0.9046     0.904    0.9522    0.6203    0.0746   0.01438         0
    33/199     3.27G   0.02616  0.008941         0   0.03511        21       640    0.9108    0.8998    0.9539     0.649   0.06864   0.01526         0
    34/199     3.27G   0.02833   0.00896         0   0.03729        16       640    0.9143    0.8873    0.9578    0.6582   0.06812   0.01598         0
    35/199     3.27G   0.02661  0.008964         0   0.03557        21       640    0.8964    0.9313    0.9598    0.6517   0.06884   0.01604         0
    36/199     3.27G   0.02672  0.008484         0    0.0352        12       640    0.8957    0.9267    0.9626    0.6695   0.06915   0.01578         0
    37/199     3.27G   0.02597  0.008747         0   0.03471        15       640     0.902    0.9462    0.9596    0.6624    0.0706   0.01412         0
    38/199     3.27G   0.02527  0.008614         0   0.03388        18       640    0.9061    0.9437    0.9683    0.6778   0.06803   0.01507         0
    39/199     3.27G    0.0238   0.00838         0   0.03218        21       640    0.8904    0.9364    0.9514    0.6602   0.06815   0.01536         0
    40/199     3.27G   0.02276  0.008462         0   0.03122        20       640    0.9112     0.956    0.9655     0.678   0.06653    0.0158         0
    41/199     3.27G   0.02436  0.008515         0   0.03287        29       640    0.9139    0.9364    0.9674    0.6996   0.06684   0.01596         0
    42/199     3.27G   0.02451  0.008479         0   0.03299        28       640    0.9162    0.9364    0.9622    0.6817    0.0638   0.01599         0
    43/199     3.27G   0.02298  0.008406         0   0.03139        15       640    0.9212    0.9436    0.9709    0.6967   0.06505   0.01563         0
    44/199     3.27G   0.02384  0.008296         0   0.03214        20       640    0.9208     0.912    0.9619    0.6858   0.06528   0.01614         0
    45/199     3.27G   0.02299  0.008552         0   0.03154        24       640    0.8738    0.9313    0.9575    0.6709   0.06491   0.01718         0
    46/199     3.27G   0.02451  0.008724         0   0.03324        13       640     0.924    0.9535    0.9677    0.6929   0.06428   0.01567         0
    47/199     3.27G   0.02464  0.008472         0   0.03312        20       640     0.916     0.934    0.9605    0.6746   0.06369   0.01588         0
    48/199     3.27G   0.02577  0.008628         0    0.0344        12       640    0.9113     0.956    0.9715    0.6979   0.06111   0.01618         0
    49/199     3.27G   0.02447  0.008439         0   0.03291        18       640    0.9442     0.912    0.9689    0.6884   0.06485   0.01599         0
    50/199     3.27G   0.02407  0.008274         0   0.03235        23       640    0.9136     0.956    0.9694    0.7034   0.06203   0.01514         0
    51/199     3.27G   0.02372  0.008323         0   0.03205        18       640    0.9088    0.9756     0.973    0.6978   0.06207   0.01604         0
    52/199     3.27G   0.02328  0.008035         0   0.03131        20       640    0.9389    0.9413    0.9722    0.7008   0.06302   0.01549         0
    53/199     3.27G   0.02531  0.008203         0   0.03351        21       640    0.9176    0.9535    0.9737    0.7063   0.06215   0.01577         0
    54/199     3.27G   0.02317  0.007918         0   0.03109        23       640    0.9324    0.9487    0.9749    0.7132   0.06243   0.01544         0
    55/199     3.27G   0.02467   0.00804         0   0.03271        21       640    0.9298    0.9413    0.9782    0.7108   0.06189    0.0155         0
    56/199     3.27G   0.02348  0.007943         0   0.03142        21       640    0.8926    0.9756    0.9747    0.7148    0.0618   0.01538         0
    57/199     3.27G   0.02241   0.00799         0    0.0304        26       640    0.9322    0.9412    0.9733    0.7223   0.06424   0.01456         0
    58/199     3.28G   0.02266  0.008031         0   0.03069        16       640    0.9273    0.9364    0.9727    0.7141   0.06228   0.01486         0
    59/199     3.28G   0.02334  0.008118         0   0.03146        21       640    0.9254    0.9413    0.9735    0.7131   0.06325   0.01527         0
    60/199     3.28G   0.02345  0.008114         0   0.03156        31       640    0.9096    0.9633    0.9738    0.7054   0.06211   0.01547         0
    61/199     3.28G   0.02361  0.007677         0   0.03128        13       640    0.9232     0.941    0.9758    0.7196   0.06033   0.01566         0
    62/199     3.28G   0.02305  0.007768         0   0.03082        20       640    0.9306    0.9535    0.9767    0.7171   0.06185   0.01522         0
    63/199     3.28G   0.02327  0.007975         0   0.03125        17       640    0.9229    0.9658    0.9743    0.7181   0.06201   0.01526         0
    64/199     3.28G   0.02205  0.007947         0   0.02999        22       640    0.9436    0.9413    0.9772    0.7171   0.06166   0.01538         0
    65/199     3.28G   0.02179  0.007558         0   0.02935        18       640    0.9159    0.9584    0.9702    0.7147   0.06262    0.0151         0
    66/199     3.28G   0.02308  0.007618         0    0.0307        14       640     0.904    0.9682     0.974    0.7218   0.06095   0.01476         0
    67/199     3.28G   0.02227  0.007814         0   0.03008        16       640    0.9162    0.9682    0.9741     0.718   0.06192   0.01569         0
    68/199     3.28G   0.02341   0.00752         0   0.03093        18       640    0.9347    0.9804     0.979    0.7171   0.06224   0.01487         0
    69/199     3.28G   0.02176  0.007815         0   0.02958        39       640    0.9291    0.9607    0.9742    0.7203   0.06163   0.01539         0
    70/199     3.28G   0.02275  0.007627         0   0.03037        11       640    0.9245    0.9582    0.9751    0.7302   0.06267   0.01515         0
    71/199     3.28G   0.02311  0.007668         0   0.03078        18       640    0.9303    0.9487    0.9774    0.7244   0.06124   0.01503         0
    72/199     3.28G   0.02281  0.007476         0   0.03029        20       640    0.9407    0.9315    0.9717    0.7121   0.06092   0.01551         0
    73/199     3.28G   0.02226   0.00767         0   0.02993        16       640    0.9209     0.968    0.9751    0.7189   0.06081    0.0157         0
    74/199     3.28G   0.02191  0.007629         0   0.02954        18       640    0.9029     0.978    0.9783    0.7326   0.05974   0.01521         0
    75/199     3.28G   0.02096    0.0076         0   0.02856        19       640    0.9336    0.9633     0.979    0.7246   0.06018   0.01561         0
    76/199     3.28G   0.02111  0.007403         0   0.02851        20       640    0.9441    0.9535    0.9807    0.7263   0.06069   0.01521         0
    77/199     3.28G   0.02285  0.007485         0   0.03033        20       640    0.9209    0.9682    0.9768    0.7261   0.06073   0.01516         0
    78/199     3.28G   0.02221  0.007452         0   0.02966        23       640    0.9392    0.9462    0.9802    0.7224   0.06026   0.01522         0
    79/199     3.28G   0.02129  0.007498         0   0.02879        23       640    0.9049     0.978    0.9781    0.7223    0.0597   0.01532         0
    80/199     3.28G   0.02282  0.007426         0   0.03025        19       640    0.9194    0.9486      0.97    0.7217   0.06005   0.01516         0
    81/199     3.28G   0.02217  0.007717         0   0.02989        13       640    0.9292    0.9632    0.9769    0.7325    0.0595   0.01555         0
    82/199     3.28G   0.02109  0.007645         0   0.02874        19       640    0.9389    0.9388    0.9766    0.7279   0.05549   0.01561         0
    83/199     3.28G    0.0216  0.007471         0   0.02907        30       640    0.9495    0.9218    0.9755    0.7196    0.0607   0.01531         0
    84/199     3.28G    0.0206  0.007398         0   0.02799        17       640    0.9277    0.9412    0.9782    0.7285    0.0601   0.01579         0
    85/199     3.28G   0.01957   0.00783         0    0.0274        15       640    0.9306    0.9511    0.9776    0.7305   0.05978     0.015         0
    86/199     3.28G   0.02258  0.007505         0   0.03009        23       640    0.9376     0.956    0.9797    0.7403   0.05752   0.01511         0
    87/199     3.28G   0.02258  0.007418         0      0.03        17       640     0.944    0.9487    0.9773    0.7339   0.05835   0.01527         0
    88/199     3.28G   0.02235  0.007405         0   0.02975        23       640    0.9084    0.9731    0.9789    0.7274   0.05869   0.01558         0
    89/199     3.28G   0.02263  0.007448         0   0.03008        16       640    0.9308    0.9535    0.9744    0.7375   0.05598   0.01552         0
    90/199     3.28G   0.02052  0.007337         0   0.02785        22       640    0.9087    0.9756     0.974    0.7333    0.0585   0.01518         0
    91/199     3.28G   0.02136  0.007314         0   0.02867        13       640    0.9245    0.9584    0.9759    0.7352   0.05866   0.01503         0
    92/199     3.28G    0.0232  0.007238         0   0.03044        13       640    0.9328    0.9511    0.9757    0.7384   0.05774   0.01526         0
    93/199     3.28G   0.02182  0.007298         0   0.02911        35       640    0.9224    0.9633    0.9764    0.7404    0.0594   0.01496         0
    94/199     3.28G    0.0211  0.007235         0   0.02834        22       640    0.9142    0.9633    0.9726    0.7398   0.05733    0.0152         0
    95/199     3.28G   0.01969  0.007243         0   0.02693        20       640    0.9207    0.9657    0.9775     0.743   0.05712   0.01516         0
    96/199     3.28G   0.02142  0.007236         0   0.02866        16       640    0.9318     0.968    0.9764    0.7448   0.05789   0.01497         0
    97/199     3.28G   0.02035  0.007032         0   0.02738        28       640    0.9199    0.9829    0.9787    0.7474    0.0575   0.01489         0
    98/199     3.28G   0.02047   0.00715         0   0.02762        17       640    0.9252    0.9682    0.9743    0.7415   0.05694   0.01507         0
    99/199     3.28G   0.02057  0.007213         0   0.02778        19       640    0.9484    0.9438    0.9753    0.7383    0.0555   0.01519         0
   100/199     3.28G   0.02084  0.007292         0   0.02813        23       640    0.9274     0.968    0.9736    0.7497   0.05815   0.01528         0
   101/199     3.28G   0.01996   0.00706         0   0.02702        18       640    0.9375     0.956    0.9794    0.7407   0.05799   0.01485         0
   102/199     3.28G   0.02138  0.007061         0   0.02844        21       640    0.9378    0.9609    0.9782     0.747   0.05841   0.01501         0
   103/199     3.28G   0.02207   0.00714         0   0.02921        18       640    0.9274    0.9682     0.979     0.742   0.05879   0.01487         0
   104/199     3.28G   0.02087  0.007267         0   0.02814        20       640     0.938    0.9633    0.9806    0.7498   0.05826   0.01487         0
   105/199     3.28G   0.02175  0.007106         0   0.02886        15       640    0.9249    0.9633    0.9739    0.7395   0.05925   0.01511         0
   106/199     3.28G   0.02203   0.00728         0   0.02931        14       640    0.9335    0.9608    0.9786    0.7396   0.05854   0.01522         0
   107/199     3.28G   0.02206  0.007219         0   0.02928        29       640    0.9379    0.9658    0.9806    0.7383   0.05838   0.01532         0
   108/199     3.28G    0.0204  0.007191         0   0.02759        20       640    0.9401    0.9633    0.9747    0.7383   0.05748   0.01549         0
   109/199     3.28G   0.01972   0.00705         0   0.02677        16       640    0.9402    0.9608    0.9796    0.7465    0.0577     0.015         0
   110/199     3.28G   0.02083  0.007158         0   0.02799        23       640    0.9206    0.9633    0.9782     0.747   0.05863   0.01536         0
   111/199     3.28G   0.02044  0.007077         0   0.02751        21       640    0.9318    0.9681    0.9819    0.7433    0.0584   0.01521         0
   112/199     3.28G   0.02165  0.007178         0   0.02883        23       640    0.9419     0.951    0.9812    0.7456    0.0587   0.01526         0
   113/199     3.28G   0.01961  0.007004         0   0.02662        23       640    0.9464    0.9535    0.9814     0.748   0.05809    0.0149         0
   114/199     3.28G   0.02106  0.007057         0   0.02812        23       640    0.9508    0.9462    0.9797    0.7449   0.05807   0.01535         0
   115/199     3.28G   0.02075   0.00694         0   0.02769        23       640     0.932    0.9731    0.9816    0.7479   0.05591   0.01541         0
   116/199     3.28G   0.01985  0.006917         0   0.02677        26       640    0.9284    0.9829    0.9805    0.7445   0.05326   0.01538         0
   117/199     3.28G   0.02231  0.007051         0   0.02936        24       640    0.9358    0.9658    0.9789    0.7424    0.0533   0.01603         0
   118/199     3.28G   0.02077  0.007232         0     0.028        26       640     0.949    0.9584    0.9842    0.7401   0.05509   0.01561         0
   119/199     3.28G   0.02138  0.007147         0   0.02853        26       640    0.9341    0.9731    0.9806    0.7437   0.05526   0.01587         0
   120/199     3.28G   0.02119  0.006803         0   0.02799        24       640    0.9354    0.9658    0.9811    0.7468   0.05596   0.01539         0
   121/199     3.28G   0.02131  0.006936         0   0.02825        30       640    0.9299    0.9731     0.981    0.7523   0.05714   0.01542         0
   122/199     3.28G    0.0201  0.007008         0   0.02711        17       640    0.9334    0.9609    0.9825    0.7489   0.05688   0.01518         0
   123/199     3.28G   0.01986  0.006764         0   0.02662        20       640    0.9402    0.9658     0.982    0.7527   0.05712   0.01556         0
   124/199     3.28G   0.02042  0.006767         0   0.02719        17       640    0.9324    0.9779    0.9839    0.7548   0.05607   0.01535         0
   125/199     3.28G   0.01997   0.00692         0   0.02689        28       640    0.9441    0.9511    0.9813     0.738     0.055   0.01583         0
   126/199     3.28G   0.02113  0.006834         0   0.02796        24       640    0.9192     0.973    0.9816    0.7468   0.05456   0.01549         0
   127/199     3.28G   0.01982  0.006883         0    0.0267        30       640    0.9332    0.9558    0.9802    0.7408   0.05564   0.01558         0
   128/199     3.28G    0.0209  0.007036         0   0.02794        17       640    0.9215    0.9755    0.9818    0.7453   0.05639   0.01515         0
   129/199     3.28G   0.02002  0.006642         0   0.02666        21       640    0.9291    0.9609    0.9788    0.7439   0.05645   0.01544         0
   130/199     3.28G   0.01928  0.006886         0   0.02617        21       640    0.9297    0.9706    0.9794    0.7547    0.0566   0.01522         0
   131/199     3.28G     0.021  0.006732         0   0.02773        15       640    0.9382    0.9656    0.9802    0.7547   0.05572   0.01551         0
   132/199     3.28G   0.01963  0.006563         0   0.02619        16       640    0.9357    0.9609    0.9788    0.7491   0.05505   0.01573         0
   133/199     3.28G   0.02084  0.006775         0   0.02762        17       640    0.9423    0.9584    0.9782    0.7483    0.0557   0.01597         0
   134/199     3.28G    0.0212  0.006736         0   0.02794        15       640    0.9297    0.9704    0.9813    0.7482    0.0551   0.01583         0
   135/199     3.28G   0.02008  0.006708         0   0.02679        20       640    0.9352    0.9533    0.9806    0.7533   0.05416   0.01577         0
   136/199     3.28G    0.0202   0.00667         0   0.02687        22       640    0.9336    0.9633    0.9799    0.7488    0.0552   0.01578         0
   137/199     3.28G   0.02065  0.006812         0   0.02747        32       640    0.9469    0.9583     0.981    0.7594   0.05451   0.01588         0
   138/199     3.28G   0.02043  0.006743         0   0.02717        19       640     0.947    0.9608    0.9805    0.7508   0.05515    0.0158         0
   139/199     3.28G   0.02064  0.006735         0   0.02738        19       640      0.93    0.9756    0.9812    0.7595   0.05522   0.01578         0
   140/199     3.28G   0.01932  0.006662         0   0.02598        19       640    0.9399    0.9558    0.9814    0.7576   0.05498   0.01577         0
   141/199     3.28G   0.01963  0.006482         0   0.02611        16       640    0.9222    0.9853    0.9814    0.7556   0.05369     0.016         0
   142/199     3.28G   0.02181  0.006719         0   0.02853        34       640    0.9338    0.9657    0.9801    0.7533   0.05389   0.01597         0
   143/199     3.28G   0.01908  0.006524         0    0.0256        24       640    0.9462    0.9461    0.9807    0.7467    0.0535   0.01604         0
   144/199     3.28G   0.01976  0.006615         0   0.02638        21       640     0.938    0.9658    0.9811    0.7524    0.0525   0.01606         0
   145/199     3.28G   0.02017  0.006543         0   0.02671        30       640    0.9472    0.9656    0.9824    0.7544   0.05297   0.01579         0
   146/199     3.28G   0.01935  0.006672         0   0.02602        24       640    0.9302     0.978    0.9821    0.7533   0.05291   0.01589         0
   147/199     3.28G   0.02001  0.006668         0   0.02668        17       640    0.9216     0.978    0.9804    0.7526   0.05312   0.01588         0
   148/199     3.28G   0.02003  0.006738         0   0.02676        23       640    0.9238    0.9779    0.9793    0.7557   0.05313   0.01597         0
   149/199     3.28G   0.02025  0.006437         0   0.02669        22       640    0.9407    0.9707      0.98    0.7571   0.05319   0.01599         0
   150/199     3.28G   0.01947  0.006467         0   0.02594        21       640    0.9296    0.9707    0.9797    0.7562   0.05427   0.01597         0
   151/199     3.28G   0.01997  0.006565         0   0.02654        28       640    0.9302     0.978    0.9811    0.7486   0.05492   0.01608         0
   152/199     3.28G   0.02056  0.006384         0   0.02695        23       640    0.9359    0.9658      0.98    0.7562   0.05478   0.01601         0
   153/199     3.28G   0.01988  0.006397         0   0.02628        16       640    0.9341    0.9707    0.9805    0.7569   0.05379    0.0159         0
   154/199     3.28G   0.01954  0.006583         0   0.02612        16       640    0.9301    0.9755    0.9823     0.755   0.05424   0.01595         0
   155/199     3.28G    0.0197  0.006672         0   0.02637        17       640    0.9322    0.9756    0.9817    0.7561   0.05382   0.01602         0
   156/199     3.28G   0.02012  0.006699         0   0.02682        15       640    0.9424    0.9609    0.9818    0.7528   0.05408   0.01595         0
   157/199     3.28G   0.01914  0.006435         0   0.02557        27       640    0.9341    0.9731    0.9806    0.7509   0.05415   0.01623         0
   158/199     3.28G    0.0184  0.006338         0   0.02474        17       640    0.9325    0.9804    0.9824    0.7552   0.05403   0.01614         0
   159/199     3.28G   0.01868  0.006338         0   0.02502        13       640    0.9448    0.9633     0.983    0.7573   0.05393   0.01602         0
   160/199     3.28G   0.01995  0.006561         0   0.02651        23       640     0.945    0.9657    0.9825    0.7582   0.05375   0.01602         0
   161/199     3.28G    0.0189  0.006309         0   0.02521        19       640    0.9323     0.978    0.9826    0.7614   0.05378   0.01595         0
   162/199     3.28G   0.01908  0.006389         0   0.02547        25       640    0.9325    0.9803    0.9819      0.76     0.054   0.01598         0
   163/199     3.28G   0.01819  0.006389         0   0.02458        15       640    0.9402    0.9609    0.9807    0.7585    0.0542   0.01598         0
   164/199     3.28G    0.0189   0.00639         0   0.02529        30       640    0.9384    0.9682    0.9821    0.7576   0.05383   0.01597         0
   165/199     3.28G    0.0181  0.006415         0   0.02452        19       640    0.9346    0.9779    0.9828    0.7568   0.05389   0.01607         0
   166/199     3.28G   0.01899  0.006412         0    0.0254        14       640    0.9346    0.9779    0.9822    0.7561   0.05359   0.01604         0
   167/199     3.28G   0.01967   0.00628         0   0.02595        21       640    0.9304    0.9804    0.9822    0.7537   0.05372   0.01613         0
   168/199     3.28G   0.01999  0.006241         0   0.02623        24       640    0.9365    0.9756    0.9829    0.7577   0.05375   0.01614         0
   169/199     3.28G   0.01837   0.00641         0   0.02478        36       640    0.9325    0.9804    0.9826    0.7585   0.05345   0.01627         0
   170/199     3.28G   0.01897  0.006448         0   0.02542        26       640    0.9385    0.9706    0.9822    0.7601   0.05294   0.01634         0
   171/199     3.28G   0.01881  0.006322         0   0.02514        18       640    0.9367     0.978    0.9825    0.7606   0.05267   0.01629         0
   172/199     3.28G   0.01879  0.006404         0    0.0252        24       640    0.9517    0.9633    0.9823    0.7586   0.05311   0.01621         0
   173/199     3.28G   0.02008  0.006136         0   0.02622        20       640    0.9428     0.968    0.9825    0.7602   0.05337   0.01633         0
   174/199     3.28G   0.01801  0.006158         0   0.02417        16       640    0.9384    0.9681     0.983    0.7571   0.05312   0.01632         0
   175/199     3.28G   0.01844  0.006268         0    0.0247        24       640    0.9445    0.9584    0.9838    0.7567   0.05275   0.01633         0
   176/199     3.28G   0.01792  0.006093         0   0.02401        19       640    0.9342    0.9731    0.9843    0.7588    0.0528    0.0162         0
   177/199     3.28G   0.01925  0.006145         0    0.0254        15       640    0.9366    0.9755    0.9834      0.76   0.05268   0.01626         0
   178/199     3.28G   0.01838  0.006221         0    0.0246        18       640    0.9281     0.978    0.9827    0.7578   0.05283   0.01635         0
   179/199     3.28G   0.01967  0.006278         0   0.02595        18       640    0.9299    0.9731    0.9828    0.7613   0.05325   0.01626         0
   180/199     3.28G   0.01877  0.006269         0   0.02504        26       640    0.9322    0.9755    0.9828    0.7581   0.05325   0.01627         0
   181/199     3.28G   0.01903  0.006289         0   0.02531        15       640    0.9385    0.9706    0.9832    0.7605   0.05336   0.01631         0
   182/199     3.28G   0.01817  0.006282         0   0.02445        22       640     0.934    0.9707    0.9835    0.7607   0.05354   0.01623         0
   183/199     3.28G     0.018  0.006234         0   0.02424        19       640    0.9237    0.9804    0.9835    0.7589   0.05361   0.01618         0
   184/199     3.28G   0.01976  0.006246         0   0.02601        27       640     0.924    0.9804    0.9835    0.7591   0.05347   0.01621         0
   185/199     3.28G   0.01975   0.00617         0   0.02592        21       640    0.9384    0.9681    0.9836    0.7592   0.05342    0.0163         0
   186/199     3.28G   0.01843  0.006136         0   0.02456        24       640    0.9406    0.9681    0.9841    0.7623   0.05332   0.01626         0
   187/199     3.28G    0.0189  0.006027         0   0.02492        20       640    0.9362    0.9731     0.984    0.7613   0.05329   0.01627         0
   188/199     3.28G   0.01759   0.00629         0   0.02389        24       640    0.9343    0.9731    0.9838    0.7624    0.0532   0.01634         0
   189/199     3.28G   0.01884  0.006193         0   0.02503        16       640    0.9406     0.968    0.9837    0.7622   0.05315   0.01632         0
   190/199     3.28G   0.01865  0.006196         0   0.02484        14       640    0.9406    0.9682    0.9836    0.7632   0.05316   0.01628         0
   191/199     3.28G   0.01722  0.006194         0   0.02341        30       640    0.9409    0.9731    0.9836     0.764   0.05319   0.01626         0
   192/199     3.28G   0.01845  0.006198         0   0.02465        23       640    0.9409     0.973    0.9839    0.7621   0.05312   0.01626         0
   193/199     3.28G   0.01792  0.006095         0   0.02402        17       640    0.9409    0.9731    0.9838    0.7633     0.053    0.0163         0
   194/199     3.28G   0.01729  0.006039         0   0.02332        27       640    0.9408    0.9731    0.9838     0.762   0.05304   0.01633         0
   195/199     3.28G   0.01794  0.006029         0   0.02396        23       640    0.9387     0.973    0.9838    0.7631   0.05304   0.01631         0
   196/199     3.28G   0.01871  0.006353         0   0.02506        19       640    0.9366    0.9756     0.984    0.7633   0.05306   0.01629         0
   197/199     3.28G   0.01861   0.00597         0   0.02458        13       640    0.9368     0.978    0.9842    0.7642   0.05307   0.01631         0
   198/199     3.28G   0.01791  0.006104         0   0.02401        28       640    0.9387    0.9756     0.984    0.7634   0.05315   0.01636         0
   199/199     3.28G    0.0185  0.006199         0    0.0247        23       640    0.9366    0.9756    0.9841     0.762   0.05318   0.01629         0
