     0/199     1.87G   0.06809   0.01477         0   0.08286        38       640   0.00314    0.6748   0.00228 0.0003212   0.09903   0.01579         0
     1/199     13.4G   0.06536   0.01127         0   0.07663        15       640   0.01548   0.01711  0.003249 0.0005477     0.102    0.0124         0
     2/199     15.9G   0.06512   0.01083         0   0.07595        29       640  0.004504   0.01467  0.003627 0.0005738   0.09897   0.01465         0
     3/199     15.9G   0.06456    0.0109         0   0.07546        23       640   0.04886    0.1002   0.01508  0.002563   0.09307   0.01521         0
     4/199     15.9G   0.06428   0.01078         0   0.07506        26       640   0.02994    0.1711    0.0127  0.001955   0.08925   0.01453         0
     5/199     15.9G   0.06423   0.01096         0   0.07519        14       640   0.01923    0.1663   0.01063  0.001761   0.08679   0.01786         0
     6/199     15.9G   0.06405   0.01073         0   0.07479        30       640   0.05823   0.06846   0.01761  0.003056    0.1034   0.01329         0
     7/199     15.9G   0.06442   0.01038         0   0.07481        24       640    0.1267    0.2078    0.0737   0.01904    0.1014    0.0135         0
     8/199     15.9G    0.0625   0.01031         0   0.07281        36       640   0.06807    0.2176   0.03431  0.006156   0.09964   0.01393         0
     9/199     15.9G   0.06081   0.01017         0   0.07098        35       640    0.3029    0.2958    0.2034   0.06026    0.0902   0.01454         0
    10/199     15.9G   0.06068  0.009823         0   0.07051        22       640    0.2799    0.2836    0.1737   0.05094   0.09258   0.01477         0
    11/199     15.9G   0.05838  0.009798         0   0.06818        31       640    0.4076    0.3297    0.2622   0.08245   0.08927   0.01479         0
    12/199     15.9G   0.05707  0.009671         0   0.06674        26       640    0.4576    0.4083    0.3593    0.1298   0.08465    0.0153         0
    13/199     15.9G   0.05614  0.009449         0   0.06559        24       640    0.3694    0.3863    0.3369    0.1203   0.08475    0.0149         0
    14/199     15.9G   0.05398  0.009408         0   0.06339        23       640    0.4946    0.4737    0.4546     0.188   0.07481   0.01526         0
    15/199     15.9G   0.05347  0.009603         0   0.06307        17       640    0.5195    0.5134    0.4675    0.1963   0.08345   0.01387         0
    16/199     15.9G   0.05229   0.00935         0   0.06164        22       640    0.5827    0.5721    0.5655    0.2389   0.07629   0.01485         0
    17/199     15.9G   0.05126  0.009193         0   0.06045        34       640    0.6597    0.6601      0.68    0.3218   0.07123   0.01477         0
    18/199     15.9G   0.04995  0.009075         0   0.05903        22       640    0.7276    0.7054    0.7352    0.3654   0.07029   0.01412         0
    19/199     15.9G   0.04782  0.009097         0   0.05691        34       640    0.8332    0.6968      0.79    0.4251    0.0669   0.01434         0
    20/199     15.9G    0.0479  0.008888         0   0.05679        29       640    0.7522    0.8017    0.8134    0.4654   0.06523   0.01417         0
    21/199     15.9G   0.04545  0.009039         0   0.05449        39       640     0.852    0.7599    0.8461    0.5009   0.06221   0.01404         0
    22/199     15.9G   0.04405   0.00892         0   0.05297        37       640    0.8444    0.7431    0.8556    0.5217   0.06115   0.01406         0
    23/199     15.9G   0.04327  0.008538         0    0.0518        17       640    0.8018    0.7555    0.8276     0.501   0.05885    0.0144         0
    24/199     15.9G   0.04305  0.008615         0   0.05167        22       640    0.8117    0.8655    0.8926     0.582   0.05752    0.0136         0
    25/199     15.9G   0.04121  0.008681         0    0.0499        20       640    0.8624    0.8142    0.8905    0.5756   0.05566   0.01363         0
    26/199     15.9G   0.04153  0.008338         0   0.04986        27       640    0.8244    0.8068    0.8746    0.5591    0.0606   0.01369         0
    27/199     15.9G    0.0407  0.008642         0   0.04934        22       640     0.868    0.8435    0.9169    0.6122   0.05784   0.01303         0
    28/199     15.9G   0.04027  0.008302         0   0.04857        23       640     0.827    0.8533    0.8915    0.5868   0.05693   0.01402         0
    29/199     15.9G   0.03924  0.008123         0   0.04736        23       640    0.8454    0.8825    0.9175    0.6074   0.05741   0.01347         0
    30/199     15.9G   0.03805  0.007961         0   0.04601        16       640    0.8583      0.89    0.9308    0.6267   0.05686   0.01331         0
    31/199     15.9G   0.03793  0.008032         0   0.04596        24       640    0.8961    0.8648    0.9175    0.6183   0.05628   0.01363         0
    32/199     15.9G   0.03695  0.007959         0    0.0449        22       640    0.8728    0.9071    0.9373    0.6539   0.05768   0.01264         0
    33/199     15.9G   0.03697  0.007691         0   0.04466        27       640    0.8507    0.9192    0.9366    0.6566   0.05644   0.01273         0
    34/199     15.9G   0.03596    0.0077         0   0.04366        28       640    0.8803    0.9167    0.9461    0.6528   0.05525    0.0126         0
    35/199     15.9G   0.03561  0.007496         0    0.0431        27       640    0.8735    0.8777    0.9278     0.645     0.055   0.01353         0
    36/199     15.9G   0.03574  0.007408         0   0.04315        23       640    0.8806    0.9193    0.9508    0.6579   0.05375   0.01377         0
    37/199     15.9G   0.03573  0.007517         0   0.04325        30       640    0.8537    0.9169     0.945    0.6572   0.05395   0.01315         0
    38/199     15.9G   0.03493  0.007485         0   0.04242        27       640     0.885    0.9217    0.9497    0.6629   0.05453   0.01302         0
    39/199     15.9G   0.03493  0.007242         0   0.04217        18       640    0.9089     0.902    0.9513    0.6789   0.05358   0.01319         0
    40/199     15.9G   0.03494   0.00731         0   0.04225        20       640    0.8968    0.9169    0.9532    0.6726   0.05115    0.0129         0
    41/199     15.9G   0.03474   0.00721         0   0.04195        18       640    0.8749    0.9413    0.9579    0.6924    0.0519   0.01237         0
    42/199     15.9G    0.0337  0.007065         0   0.04076        32       640    0.9129    0.9242    0.9591    0.6933   0.05196   0.01262         0
    43/199     15.9G   0.03331  0.006976         0   0.04028        38       640    0.9036    0.9167    0.9527    0.6983   0.05131   0.01282         0
    44/199     15.9G   0.03358  0.006932         0   0.04051        36       640    0.8891    0.9218    0.9612    0.6947   0.05114   0.01261         0
    45/199     15.9G   0.03361  0.006842         0   0.04045        34       640    0.9147    0.8998    0.9656    0.7076   0.05348   0.01246         0
    46/199     15.9G   0.03214  0.006719         0   0.03885        26       640    0.9119    0.9364    0.9644    0.6937   0.05266   0.01249         0
    47/199     15.9G   0.03259   0.00676         0   0.03935        11       640    0.8919    0.9144    0.9568    0.6913   0.05351   0.01242         0
    48/199     15.9G    0.0328  0.006744         0   0.03955        28       640    0.8936    0.9238    0.9601    0.6973   0.05331   0.01224         0
    49/199     15.9G   0.03159  0.006598         0   0.03819        32       640    0.9011    0.9144    0.9555    0.6975   0.05268   0.01212         0
    50/199     15.9G   0.03097  0.006559         0   0.03753        20       640    0.9137    0.9095    0.9597    0.7102   0.05125   0.01245         0
    51/199     15.9G   0.03156  0.006606         0   0.03817        35       640    0.9197    0.9239    0.9673    0.7058   0.05227   0.01234         0
    52/199     15.9G   0.03152  0.006603         0   0.03813        22       640    0.8612    0.9555    0.9605    0.7052   0.05275   0.01226         0
    53/199     15.9G   0.03041    0.0065         0   0.03691        24       640    0.9259    0.9169    0.9687    0.7101   0.05176   0.01252         0
    54/199     15.9G   0.03073  0.006326         0   0.03706        37       640    0.9049    0.9535    0.9665    0.7175   0.05218   0.01199         0
    55/199     15.9G   0.03099  0.006316         0   0.03731        21       640    0.8743    0.9707    0.9681    0.7215   0.05072   0.01226         0
    56/199     15.9G   0.02978  0.006361         0   0.03614        17       640    0.8769    0.9581    0.9594    0.7132   0.05045   0.01238         0
    57/199     15.9G   0.02977  0.006296         0   0.03606        27       640    0.9108    0.9486    0.9661    0.7148   0.05238   0.01211         0
    58/199     15.9G   0.02979  0.006363         0   0.03616        26       640    0.9229    0.9363    0.9703    0.7293   0.04965   0.01227         0
    59/199     15.9G    0.0294  0.006216         0   0.03561        22       640    0.9323    0.9095    0.9737    0.7268   0.04934   0.01237         0
    60/199     15.9G   0.02929  0.006338         0   0.03563        22       640    0.9049    0.9535      0.97    0.7284   0.04884   0.01253         0
    61/199     15.9G   0.02941  0.006373         0   0.03578        21       640    0.9144    0.9142    0.9691    0.7186    0.0493   0.01217         0
    62/199     15.9G   0.02888  0.006384         0   0.03526        40       640    0.9008     0.956    0.9685    0.7347    0.0476   0.01221         0
    63/199     15.9G   0.02866  0.006155         0   0.03481        29       640    0.9188    0.9413    0.9703    0.7255   0.04912   0.01225         0
    64/199     15.9G   0.02845  0.006109         0   0.03456        18       640    0.9181    0.9609    0.9776    0.7412   0.04703   0.01233         0
    65/199     15.9G   0.02814  0.006063         0    0.0342        16       640    0.9076    0.9606    0.9712    0.7373   0.04694   0.01256         0
    66/199     15.9G   0.02842  0.006229         0   0.03465        16       640     0.902    0.9682    0.9678    0.7304   0.04781   0.01254         0
    67/199     15.9G   0.02874  0.006257         0   0.03499        20       640    0.9356     0.924    0.9746     0.738   0.04762   0.01257         0
    68/199     15.9G   0.02819  0.006137         0   0.03432        22       640    0.9275    0.9389    0.9756    0.7442    0.0487   0.01248         0
    69/199     15.9G   0.02777  0.006263         0   0.03403        15       640     0.926    0.9487    0.9752    0.7332   0.04584   0.01276         0
    70/199     15.9G   0.02789  0.006061         0   0.03395        13       640    0.9238    0.9535    0.9753    0.7301   0.04548   0.01289         0
    71/199     15.9G   0.02741  0.006022         0   0.03343        33       640    0.9043    0.9704    0.9772    0.7392   0.04796   0.01237         0
    72/199     15.9G   0.02748  0.006004         0   0.03348        23       640    0.9409    0.9336    0.9807    0.7405   0.04796   0.01253         0
    73/199     15.9G   0.02759   0.00598         0   0.03357        30       640    0.9256    0.9436    0.9717    0.7333    0.0471   0.01275         0
    74/199     15.9G   0.02751  0.005971         0   0.03349        26       640     0.933    0.9532    0.9787    0.7384   0.04812   0.01255         0
    75/199     15.9G   0.02682  0.005879         0    0.0327        18       640    0.9015    0.9853     0.977    0.7323   0.04568   0.01283         0
    76/199     15.9G   0.02665  0.005868         0   0.03251        28       640    0.9227    0.9633    0.9782    0.7425   0.04473   0.01283         0
    77/199     15.9G   0.02678  0.005902         0   0.03268        34       640    0.8969     0.978    0.9739    0.7497   0.04664   0.01274         0
    78/199     15.9G    0.0266   0.00587         0   0.03247        32       640    0.9289    0.9584    0.9747    0.7524    0.0455   0.01286         0
    79/199     15.9G   0.02621  0.005889         0    0.0321        33       640    0.9391    0.9462    0.9711    0.7457   0.04424   0.01282         0
    80/199     15.9G   0.02629  0.005655         0   0.03195        30       640    0.9085    0.9706    0.9756    0.7598   0.04751   0.01245         0
    81/199     15.9G   0.02593  0.005604         0   0.03153        32       640    0.9192    0.9731    0.9787    0.7493   0.04629   0.01256         0
    82/199     15.9G   0.02655  0.005946         0   0.03249        11       640     0.936    0.9291    0.9746     0.748    0.0449   0.01326         0
    83/199     15.9G   0.02614  0.005857         0     0.032        23       640    0.9204    0.9607    0.9748    0.7557   0.04563   0.01276         0
    84/199     15.9G   0.02605  0.005748         0   0.03179        24       640     0.937    0.9461    0.9806    0.7627   0.04494   0.01272         0
    85/199     15.9G   0.02609  0.005766         0   0.03185        36       640    0.9232    0.9438    0.9748    0.7553   0.04576     0.013         0
    86/199     15.9G   0.02608  0.005799         0   0.03188        28       640     0.912    0.9631    0.9751    0.7575   0.04602   0.01255         0
    87/199     15.9G   0.02595  0.005685         0   0.03164        33       640     0.926    0.9487    0.9733    0.7496   0.04528   0.01288         0
    88/199     15.9G   0.02533  0.005655         0   0.03099        23       640    0.9396     0.951    0.9752    0.7597   0.04365   0.01268         0
    89/199     15.9G   0.02559  0.005827         0   0.03141        35       640    0.9362     0.934    0.9696    0.7475    0.0452   0.01321         0
    90/199     15.9G   0.02529  0.005683         0   0.03097        36       640    0.9437    0.9462     0.981    0.7584   0.04371   0.01313         0
    91/199     15.9G   0.02518  0.005719         0    0.0309        34       640    0.9192    0.9459    0.9777     0.754   0.04259   0.01333         0
    92/199     15.9G   0.02485   0.00544         0   0.03029        30       640    0.9243    0.9559    0.9794    0.7623   0.04226   0.01325         0
    93/199     15.9G   0.02431   0.00549         0    0.0298        23       640    0.9267    0.9584    0.9778    0.7602   0.04132   0.01327         0
    94/199     15.9G   0.02411   0.00553         0   0.02964        19       640    0.9525    0.9389    0.9806    0.7602   0.04201   0.01346         0
    95/199     15.9G   0.02445  0.005606         0   0.03006        28       640    0.9229    0.9657    0.9804    0.7604   0.04159   0.01356         0
    96/199     15.9G   0.02496   0.00556         0   0.03052        16       640     0.942    0.9535    0.9825    0.7582     0.043    0.0134         0
    97/199     15.9G   0.02491  0.005598         0   0.03051        34       640    0.9399    0.9558    0.9817    0.7651   0.04258   0.01345         0
    98/199     15.9G   0.02434   0.00553         0   0.02987        19       640    0.9439    0.9462    0.9805     0.763   0.04286   0.01347         0
    99/199     15.9G    0.0243  0.005615         0   0.02992        33       640    0.9378    0.9584    0.9845    0.7633   0.04246   0.01371         0
   100/199     15.9G   0.02398  0.005523         0    0.0295        32       640    0.9134    0.9804    0.9783    0.7618   0.04264   0.01343         0
   101/199     15.9G   0.02488  0.005493         0   0.03037        33       640    0.9189    0.9707    0.9821    0.7679   0.04253   0.01327         0
   102/199     15.9G   0.02425  0.005404         0   0.02966        28       640    0.9467    0.9584    0.9806    0.7607   0.04137    0.0134         0
   103/199     15.9G   0.02443  0.005334         0   0.02977        12       640    0.9151    0.9753    0.9765    0.7559   0.04131   0.01404         0
   104/199     15.9G   0.02378  0.005426         0    0.0292        25       640    0.9461    0.9438    0.9791    0.7648   0.04065   0.01379         0
   105/199     15.9G   0.02405  0.005469         0   0.02952        36       640    0.9243    0.9584    0.9766    0.7623   0.03925   0.01435         0
   106/199     15.9G   0.02369  0.005311         0     0.029        31       640    0.9387    0.9389    0.9777    0.7528   0.03783   0.01423         0
   107/199     15.9G   0.02351  0.005389         0    0.0289        35       640    0.9335    0.9633    0.9843    0.7682   0.03826   0.01447         0
   108/199     15.9G   0.02355  0.005372         0   0.02892        31       640    0.9378    0.9583    0.9814    0.7651   0.04041   0.01385         0
   109/199     15.9G   0.02384  0.005688         0   0.02953        26       640     0.926    0.9486    0.9765    0.7612   0.04165   0.01398         0
   110/199     15.9G   0.02359  0.005525         0   0.02911        44       640    0.9441    0.9511     0.978    0.7569     0.039   0.01416         0
   111/199     15.9G   0.02285  0.005296         0   0.02814        18       640    0.9439    0.9462    0.9789    0.7579   0.03883    0.0145         0
   112/199     15.9G   0.02284  0.005324         0   0.02817        28       640    0.9258    0.9755    0.9848    0.7619   0.03976   0.01415         0
   113/199     15.9G   0.02307  0.005379         0   0.02844        24       640    0.9505    0.9438     0.982    0.7692   0.03953   0.01424         0
   114/199     15.9G   0.02352  0.005423         0   0.02894        35       640    0.8986    0.9754    0.9749    0.7664   0.04092    0.0141         0
   115/199     15.9G   0.02324  0.005274         0   0.02851        25       640    0.9285    0.9535    0.9783    0.7552   0.04127   0.01422         0
   116/199     15.9G   0.02284  0.005227         0   0.02807        22       640    0.9279    0.9756     0.984    0.7719   0.03958   0.01404         0
   117/199     15.9G   0.02297  0.005356         0   0.02832        20       640    0.9296    0.9681    0.9805    0.7688   0.04013   0.01392         0
   118/199     15.9G    0.0226  0.005192         0    0.0278        25       640    0.9134    0.9803    0.9831    0.7695   0.03991     0.014         0
   119/199     15.9G    0.0227  0.005084         0   0.02778        17       640    0.9423    0.9581    0.9847    0.7706   0.03976   0.01428         0
   120/199     15.9G    0.0229  0.005265         0   0.02817        36       640    0.9296    0.9438    0.9799    0.7696   0.04073    0.0142         0
   121/199     15.9G   0.02231  0.005233         0   0.02754        24       640    0.9525    0.9438    0.9791    0.7668   0.04016   0.01425         0
   122/199     15.9G   0.02281  0.005198         0   0.02801        30       640    0.9534    0.9511    0.9844    0.7699    0.0398   0.01424         0
   123/199     15.9G   0.02198  0.005169         0   0.02715        18       640    0.9379    0.9607    0.9845    0.7693   0.04042   0.01413         0
   124/199     15.9G   0.02239  0.005105         0    0.0275        20       640    0.9321    0.9756    0.9849    0.7699    0.0402   0.01435         0
   125/199     15.9G   0.02233  0.005178         0   0.02751        33       640    0.9333    0.9582    0.9788    0.7659    0.0419   0.01412         0
   126/199     15.9G    0.0219  0.004963         0   0.02687        23       640    0.9316    0.9657    0.9796    0.7593   0.04188   0.01435         0
   127/199     15.9G   0.02159  0.005028         0   0.02662        27       640    0.9082    0.9927    0.9813     0.773   0.04092   0.01439         0
   128/199     15.9G    0.0219  0.005186         0   0.02709        15       640    0.9213    0.9731    0.9808    0.7656   0.04073   0.01456         0
   129/199     15.9G   0.02186  0.005031         0   0.02689        19       640    0.9098    0.9878    0.9787    0.7677   0.03922   0.01469         0
   130/199     15.9G   0.02175  0.005015         0   0.02677        28       640    0.9356    0.9609    0.9831      0.78   0.03941   0.01436         0
   131/199     15.9G   0.02168  0.004992         0   0.02667        21       640    0.9236    0.9755    0.9782    0.7774   0.03965   0.01474         0
   132/199     15.9G   0.02225  0.005137         0   0.02739        21       640    0.9213    0.9731     0.983    0.7813   0.04038   0.01446         0
   133/199     15.9G   0.02169  0.005163         0   0.02685        30       640    0.9353    0.9609    0.9833    0.7677   0.04224   0.01426         0
   134/199     15.9G   0.02138  0.005051         0   0.02644        25       640    0.9236    0.9755    0.9832    0.7747   0.04015   0.01456         0
   135/199     15.9G   0.02151  0.005046         0   0.02656        22       640    0.9216     0.978    0.9819    0.7753   0.04086   0.01463         0
   136/199     15.9G   0.02136  0.004875         0   0.02623        33       640    0.9241    0.9828    0.9827    0.7748   0.04024   0.01466         0
   137/199     15.9G    0.0213  0.004896         0   0.02619        38       640    0.9249    0.9632    0.9775    0.7672   0.04046   0.01474         0
   138/199     15.9G   0.02125  0.005016         0   0.02627        31       640    0.9206    0.9927     0.977    0.7714   0.03994   0.01494         0
   139/199     15.9G    0.0213  0.005008         0    0.0263        16       640    0.9305    0.9829    0.9806    0.7747   0.03953   0.01455         0
   140/199     15.9G   0.02104  0.004935         0   0.02598        26       640    0.9275    0.9707    0.9803    0.7775   0.03871   0.01453         0
   141/199     15.9G   0.02096  0.005007         0   0.02597        43       640    0.9408    0.9731    0.9824    0.7755    0.0388   0.01497         0
   142/199     15.9G   0.02117  0.004861         0   0.02603        27       640    0.9298     0.978    0.9811    0.7811   0.03827   0.01476         0
   143/199     15.9G   0.02089  0.005049         0   0.02594        13       640    0.9225    0.9902    0.9836    0.7831   0.03879   0.01481         0
   144/199     15.9G   0.02072  0.004902         0   0.02562        43       640    0.9099    0.9902    0.9812    0.7852   0.03884   0.01478         0
   145/199     15.9G   0.02067  0.004981         0   0.02565        25       640    0.9158    0.9853    0.9828    0.7789   0.03874   0.01519         0
   146/199     15.9G   0.02122  0.005141         0   0.02636        29       640    0.9235    0.9756     0.982    0.7755    0.0367   0.01505         0
   147/199     15.9G   0.02089  0.004886         0   0.02578        27       640    0.9297    0.9731    0.9822    0.7743   0.03671   0.01514         0
   148/199     15.9G   0.02052  0.004949         0   0.02547        40       640    0.9175    0.9804    0.9815    0.7745   0.03685   0.01529         0
   149/199     15.9G   0.02093  0.005067         0     0.026        30       640    0.9241    0.9829    0.9835    0.7763   0.03738   0.01531         0
   150/199     15.9G   0.02063  0.004928         0   0.02556        18       640    0.9317    0.9682    0.9816    0.7798   0.03696   0.01526         0
   151/199     15.9G   0.02058  0.004848         0   0.02543        21       640    0.9256    0.9731    0.9786    0.7757   0.03732   0.01536         0
   152/199     15.9G   0.02007  0.004767         0   0.02483        28       640    0.9197    0.9804    0.9822     0.783   0.03713    0.0153         0
   153/199     15.9G   0.02056  0.004722         0   0.02529        27       640    0.9339    0.9682    0.9829    0.7851   0.03669   0.01519         0
   154/199     15.9G   0.02069  0.004921         0   0.02561        22       640    0.9182    0.9878     0.986    0.7893   0.03673   0.01532         0
   155/199     15.9G   0.02003  0.004872         0    0.0249        19       640     0.943    0.9702    0.9862    0.7834   0.03739   0.01533         0
   156/199     15.9G   0.02017  0.004789         0   0.02496        34       640    0.9364    0.9731    0.9848    0.7742   0.03804   0.01545         0
   157/199     15.9G    0.0199  0.004789         0   0.02469        25       640    0.9357    0.9633    0.9844     0.782   0.03804   0.01577         0
   158/199     15.9G   0.01954  0.004807         0   0.02434        35       640    0.9279    0.9756    0.9835    0.7774   0.03743   0.01571         0
   159/199     15.9G   0.01957  0.004792         0   0.02436        27       640    0.9195    0.9776    0.9838    0.7881   0.03706   0.01569         0
   160/199     15.9G   0.01986  0.004769         0   0.02463        19       640    0.9275    0.9707    0.9836    0.7881   0.03665   0.01572         0
   161/199     15.9G   0.01991   0.00469         0    0.0246        33       640      0.91    0.9902     0.983    0.7826   0.03644   0.01599         0
   162/199     15.9G   0.01983  0.004736         0   0.02456        31       640    0.9333    0.9584    0.9832    0.7825   0.03643   0.01592         0
   163/199     15.9G   0.01981  0.004849         0   0.02466        23       640    0.9303    0.9804    0.9848    0.7795   0.03659   0.01555         0
   164/199     15.9G   0.01934  0.004647         0   0.02399        35       640    0.9384    0.9682    0.9845    0.7867   0.03651   0.01563         0
   165/199     15.9G   0.01964  0.004721         0   0.02436        25       640    0.9163    0.9902    0.9861    0.7879   0.03668    0.0157         0
   166/199     15.9G   0.01955  0.004706         0   0.02426        24       640    0.9185    0.9926    0.9838    0.7868   0.03626   0.01585         0
   167/199     15.9G   0.01993  0.004718         0   0.02465        29       640    0.9264    0.9853    0.9826    0.7868   0.03668   0.01585         0
   168/199     15.9G   0.01942  0.004667         0   0.02408        18       640    0.9155    0.9804    0.9835    0.7854   0.03757   0.01566         0
   169/199     15.9G   0.01964  0.004596         0   0.02424        29       640    0.9282    0.9804    0.9841    0.7894   0.03743    0.0157         0
   170/199     15.9G   0.01935  0.004695         0   0.02404        27       640    0.9264    0.9853    0.9844    0.7864    0.0369   0.01585         0
   171/199     15.9G   0.01922    0.0048         0   0.02402        33       640    0.9146    0.9951    0.9833    0.7831   0.03697   0.01592         0
   172/199     15.9G   0.01924  0.004782         0   0.02402        25       640    0.9286    0.9853    0.9811    0.7823   0.03666   0.01594         0
   173/199     15.9G   0.01898  0.004595         0   0.02358        26       640    0.9306    0.9829    0.9824    0.7863    0.0366   0.01604         0
   174/199     15.9G   0.01947  0.004621         0   0.02409        31       640    0.9242    0.9853    0.9816    0.7827   0.03608   0.01613         0
   175/199     15.9G   0.01965  0.004723         0   0.02438        28       640    0.9382    0.9657    0.9817     0.787   0.03572    0.0161         0
   176/199     15.9G   0.01938  0.004717         0    0.0241        29       640    0.9344    0.9756    0.9815    0.7832   0.03567   0.01605         0
   177/199     15.9G   0.01936  0.004686         0   0.02405        15       640    0.9245    0.9878    0.9824    0.7853   0.03595   0.01615         0
   178/199     15.9G   0.01855  0.004681         0   0.02323        25       640    0.9224    0.9902    0.9826    0.7849   0.03548   0.01619         0
   179/199     15.9G   0.01868  0.004572         0   0.02325        31       640    0.9161    0.9876    0.9803    0.7822   0.03535   0.01629         0
   180/199     15.9G   0.01941   0.00454         0   0.02395        23       640    0.9264    0.9853    0.9816    0.7839   0.03554   0.01615         0
   181/199     15.9G   0.01874  0.004524         0   0.02327        32       640    0.9183    0.9902    0.9824    0.7857    0.0355   0.01623         0
   182/199     15.9G    0.0188  0.004598         0   0.02339        20       640    0.9306    0.9829    0.9833    0.7823   0.03565   0.01625         0
   183/199     15.9G   0.01872  0.004609         0   0.02333        20       640    0.9224    0.9877    0.9831    0.7834   0.03548   0.01648         0
   184/199     15.9G   0.01848  0.004468         0   0.02295        21       640    0.9206    0.9926    0.9831     0.783   0.03526   0.01629         0
   185/199     15.9G   0.01929  0.004635         0   0.02392        40       640    0.9223    0.9878    0.9829    0.7833   0.03534   0.01639         0
   186/199     15.9G   0.01863  0.004662         0   0.02329        28       640    0.9428    0.9682    0.9815    0.7848   0.03528   0.01642         0
   187/199     15.9G   0.01895  0.004779         0   0.02373        28       640    0.9428    0.9677    0.9827    0.7862   0.03549   0.01623         0
   188/199     15.9G   0.01857  0.004447         0   0.02302        25       640    0.9424    0.9608    0.9841    0.7848   0.03533   0.01634         0
   189/199     15.9G   0.01855  0.004618         0   0.02317        24       640    0.9344    0.9756    0.9821    0.7822   0.03511   0.01645         0
   190/199     15.9G   0.01896  0.004649         0   0.02361        26       640    0.9161    0.9878    0.9823    0.7807   0.03501    0.0165         0
   191/199     15.9G   0.01858  0.004513         0    0.0231        21       640    0.9203    0.9877     0.982    0.7814    0.0352   0.01648         0
   192/199     15.9G   0.01849  0.004477         0   0.02296        17       640    0.9384    0.9682     0.983      0.78   0.03524   0.01644         0
   193/199     15.9G   0.01856  0.004512         0   0.02307        17       640    0.9203    0.9876    0.9831    0.7854   0.03501   0.01657         0
   194/199     15.9G    0.0183  0.004517         0   0.02282        30       640    0.9125    0.9951     0.983    0.7836   0.03497   0.01649         0
   195/199     15.9G   0.01843  0.004467         0    0.0229        22       640    0.9224    0.9878    0.9843    0.7859   0.03493   0.01643         0
   196/199     15.9G   0.01888  0.004425         0   0.02331        16       640    0.9227    0.9926    0.9823    0.7864   0.03493   0.01652         0
   197/199     15.9G   0.01839  0.004637         0   0.02303        33       640    0.9206    0.9927    0.9825     0.785   0.03505    0.0165         0
   198/199     15.9G   0.01895  0.004442         0   0.02339        31       640    0.9244    0.9878    0.9819    0.7827   0.03469   0.01676         0
   199/199     15.9G   0.01881  0.004419         0   0.02323        26       640    0.9324     0.978    0.9813    0.7825   0.03443   0.01683         0
