     0/199     2.76G   0.06683   0.01494         0   0.08177        32       640  0.002389    0.5134  0.001885 0.0002766   0.09966   0.01585         0
     1/199       17G   0.06471   0.01198         0   0.07669        29       640   0.01165    0.1296  0.004834  0.000712   0.08824   0.01562         0
     2/199     20.1G    0.0652   0.01112         0   0.07633        19       640   0.01777   0.07335  0.005152 0.0008073   0.09538   0.01488         0
     3/199     20.1G   0.06437   0.01079         0   0.07516        21       640   0.00954   0.05379   0.00655  0.001003   0.09543   0.01506         0
     4/199     20.1G   0.06403   0.01077         0    0.0748        17       640   0.03957    0.1198   0.01391  0.002459   0.09754   0.01478         0
     5/199     20.1G   0.06436    0.0111         0   0.07546        28       640 0.0006712    0.1443 0.0001045 1.729e-05     0.119    0.0403         0
     6/199     20.1G   0.06407   0.01028         0   0.07435        23       640    0.0575    0.1418   0.02478  0.004532    0.0994   0.01394         0
     7/199     20.1G   0.06437   0.01015         0   0.07452        31       640 0.0003074   0.06601 2.187e-05 3.865e-06    0.1308    0.2414         0
     8/199     20.1G   0.06265  0.009906         0   0.07256        22       640    0.1289    0.1076   0.04413  0.007958    0.1008   0.01214         0
     9/199     20.1G   0.06223  0.009988         0   0.07222        27       640    0.1775    0.2518    0.1122   0.02945   0.09582   0.01388         0
    10/199     20.1G   0.05961   0.00973         0   0.06934        24       640     0.115    0.4254   0.07632    0.0196    0.0919   0.02374         0
    11/199     20.1G   0.05782  0.009756         0   0.06757        28       640    0.4768    0.4077    0.3642    0.1228   0.08824   0.01398         0
    12/199     20.1G   0.05802  0.009486         0   0.06751        31       640    0.4877    0.4523    0.4158    0.1458   0.08693   0.01397         0
    13/199     20.1G   0.05544   0.00965         0   0.06509        33       640    0.5773    0.4939    0.5089     0.201   0.08426    0.0142         0
    14/199     20.1G   0.05615  0.009522         0   0.06567        26       640    0.5876    0.4743    0.5049    0.1978   0.08371   0.01387         0
    15/199     20.1G   0.05473  0.009466         0    0.0642        18       640    0.6277    0.5688    0.5581    0.2388   0.08096   0.01458         0
    16/199     20.1G   0.05134  0.009489         0   0.06083        18       640    0.7248    0.5526    0.6363    0.2925   0.08195   0.01318         0
    17/199     20.1G   0.05201  0.009116         0   0.06113        19       640      0.69    0.6096    0.6595    0.3144   0.07841    0.0138         0
    18/199     20.1G   0.05068   0.00925         0   0.05993        27       640    0.6893    0.6675    0.6993    0.3446    0.0736   0.01388         0
    19/199     20.1G   0.04995   0.00934         0   0.05929        29       640    0.6898    0.6306    0.6252     0.308   0.07718    0.0138         0
    20/199     20.1G   0.04839  0.008962         0   0.05735        16       640    0.7325    0.6919    0.7304    0.3996   0.07312   0.01399         0
    21/199     20.1G   0.04712  0.008775         0    0.0559        11       640    0.7104    0.7482     0.753    0.4294   0.07235    0.0141         0
    22/199     20.1G   0.04762  0.008815         0   0.05643        18       640    0.7839    0.7824    0.8198    0.4891   0.07097   0.01281         0
    23/199     20.1G   0.04628  0.008715         0     0.055        19       640    0.7631    0.8215    0.8318    0.4931   0.06997   0.01287         0
    24/199     20.1G   0.04571   0.00859         0    0.0543        21       640    0.8067    0.8289    0.8638    0.5049   0.07121   0.01213         0
    25/199     20.1G   0.04498  0.008474         0   0.05346        28       640    0.8159    0.7695     0.836    0.5086    0.0706   0.01288         0
    26/199     20.1G   0.04393  0.008481         0   0.05241        33       640      0.84    0.8214    0.8836    0.5751    0.0676   0.01263         0
    27/199     20.1G   0.04466  0.008477         0   0.05314        30       640    0.8626    0.8753    0.9179    0.5831   0.06966   0.01198         0
    28/199     20.1G   0.04435  0.008481         0   0.05283        17       640    0.7915    0.8826    0.8741    0.5692   0.06649   0.01225         0
    29/199     20.1G   0.04335  0.008316         0   0.05166        21       640    0.8442    0.8874       0.9    0.5913   0.06453   0.01241         0
    30/199     20.1G   0.04201  0.008118         0   0.05013        23       640    0.8754     0.868    0.9233    0.6121   0.06438   0.01238         0
    31/199     20.1G   0.04152  0.008225         0   0.04975        17       640    0.8987    0.8238     0.919     0.593   0.06593   0.01182         0
    32/199     20.1G   0.04169  0.008122         0   0.04981        22       640    0.6989    0.5279    0.5396    0.3025   0.07608   0.01535         0
    33/199     20.1G   0.04201  0.008016         0   0.05003        19       640    0.8648    0.9071    0.9304    0.6257   0.06327   0.01237         0
    34/199     20.1G   0.04103  0.007895         0   0.04893        23       640    0.7487    0.8606    0.7763    0.4894   0.06623   0.01318         0
    35/199     20.1G   0.03991  0.007905         0   0.04781        13       640    0.9096     0.836    0.9328    0.6211   0.06319   0.01244         0
    36/199     20.1G   0.03963  0.007878         0   0.04751        19       640    0.9054    0.8435    0.9206     0.644    0.0625   0.01214         0
    37/199     20.1G   0.03879  0.007725         0   0.04652        39       640      0.82    0.8799    0.8331     0.558   0.06333   0.01251         0
    38/199     20.1G   0.03876  0.007708         0   0.04647        19       640    0.8795    0.8924    0.9343    0.6457   0.06132   0.01225         0
    39/199     20.1G   0.03883  0.007845         0   0.04667        27       640    0.8679     0.934     0.949    0.6575   0.05959     0.012         0
    40/199     20.1G    0.0385  0.007622         0   0.04612        23       640    0.8486    0.9042    0.9215     0.626   0.05937   0.01265         0
    41/199     20.1G     0.038  0.007548         0   0.04555        28       640    0.8941     0.929    0.9509    0.6662   0.06028   0.01177         0
    42/199     20.1G   0.03825  0.007295         0   0.04554        31       640    0.9073      0.89    0.9442    0.6507   0.06079   0.01205         0
    43/199     20.1G   0.03785   0.00757         0   0.04543        20       640    0.8921    0.8895    0.9412      0.65   0.05903   0.01206         0
    44/199     20.1G   0.03724  0.007626         0   0.04487        25       640    0.9087    0.9022    0.9553    0.6734   0.05753   0.01195         0
    45/199     20.1G   0.03652  0.007412         0   0.04393        26       640    0.9315    0.9022    0.9562     0.668   0.05753   0.01176         0
    46/199     20.1G   0.03688  0.007397         0   0.04427        33       640     0.895    0.9168    0.9496    0.6732   0.05769     0.012         0
    47/199     20.1G   0.03684  0.007392         0   0.04424        26       640    0.7119    0.8729    0.7067    0.4763   0.06076   0.01753         0
    48/199     20.1G    0.0363  0.007075         0   0.04337        19       640    0.8993    0.9385    0.9591    0.6779   0.05559   0.01179         0
    49/199     20.1G    0.0359  0.006927         0   0.04283        24       640    0.9022     0.902    0.9492    0.6681   0.05839   0.01196         0
    50/199     20.1G   0.03537   0.00707         0   0.04244        22       640    0.9159    0.9314    0.9626    0.6731   0.05772   0.01196         0
    51/199     20.1G   0.03549  0.007156         0   0.04264        33       640    0.9062    0.9214    0.9583    0.6866   0.05662   0.01192         0
    52/199     20.1G   0.03527  0.007219         0   0.04249        20       640    0.9231    0.9094    0.9612       0.7   0.05587   0.01194         0
    53/199     20.1G   0.03484  0.006938         0   0.04178        36       640    0.9172    0.9479    0.9663    0.7011   0.05488    0.0119         0
    54/199     20.1G   0.03485  0.006888         0   0.04174        26       640    0.8881     0.951    0.9594    0.7007   0.05699   0.01158         0
    55/199     20.1G   0.03434  0.006895         0   0.04123        48       640    0.9101    0.9411    0.9651    0.6925    0.0553   0.01198         0
    56/199     20.1G   0.03382  0.006965         0   0.04078        32       640    0.9253    0.9386    0.9653    0.7028   0.05579   0.01172         0
    57/199     20.1G   0.03346  0.006917         0   0.04038        32       640    0.9077    0.9633    0.9736    0.7131   0.05737   0.01154         0
    58/199     20.1G    0.0336  0.006862         0   0.04047        26       640    0.9102    0.9412     0.973    0.7081   0.05845   0.01151         0
    59/199     20.1G   0.03355  0.006847         0    0.0404        33       640    0.9243    0.9291    0.9668    0.7033    0.0569   0.01149         0
    60/199     20.1G   0.03268  0.006592         0   0.03927        28       640    0.9307    0.9191    0.9692    0.7089   0.05703    0.0116         0
    61/199     20.1G   0.03277   0.00658         0   0.03935        21       640    0.9181    0.9314    0.9711    0.7191   0.05741   0.01142         0
    62/199     20.1G   0.03315  0.006706         0   0.03986        21       640    0.9139    0.9339    0.9691    0.7137   0.05694   0.01181         0
    63/199     20.1G   0.03301  0.006682         0   0.03969        27       640    0.9071    0.9315    0.9629    0.7009   0.05762   0.01154         0
    64/199     20.1G   0.03307  0.006555         0   0.03962        26       640    0.8998    0.9226    0.9604    0.6939   0.05646   0.01201         0
    65/199     20.1G     0.032  0.006616         0   0.03862        32       640      0.87    0.9658    0.9674    0.7185   0.05586   0.01159         0
    66/199     20.1G   0.03186  0.006618         0   0.03848        20       640    0.9001    0.9487    0.9632    0.7083   0.05672   0.01171         0
    67/199     20.1G   0.03216  0.006376         0   0.03853        23       640    0.9302     0.912    0.9661    0.7083   0.05445   0.01233         0
    68/199     20.1G   0.03206  0.006526         0   0.03858        20       640    0.9079    0.9193    0.9628    0.7101   0.05518   0.01165         0
    69/199     20.1G   0.03167  0.006621         0   0.03829        29       640    0.9184    0.9632    0.9784    0.7174     0.053   0.01238         0
    70/199     20.1G   0.03198  0.006381         0   0.03836        28       640    0.9421    0.9169     0.973    0.7224   0.05331   0.01195         0
    71/199     20.1G   0.03114  0.006234         0   0.03737        27       640    0.9293    0.9364    0.9712    0.7225   0.05208   0.01234         0
    72/199     20.1G   0.03097  0.006356         0   0.03733        33       640    0.9153    0.9511    0.9722     0.726   0.05376   0.01186         0
    73/199     20.1G   0.03047  0.006318         0   0.03679        20       640    0.9291    0.9315    0.9734    0.7287   0.05349   0.01203         0
    74/199     20.1G   0.03002  0.006293         0   0.03631        14       640    0.9611    0.9095    0.9779    0.7314   0.05323   0.01191         0
    75/199     20.1G   0.03067  0.006306         0   0.03698        26       640    0.9146    0.9462    0.9712    0.7302   0.05343   0.01192         0
    76/199     20.1G   0.03035  0.006253         0    0.0366        29       640    0.9031    0.9339    0.9498     0.706   0.05328   0.01191         0
    77/199     20.1G   0.02962  0.006101         0   0.03572        25       640    0.9044    0.9486    0.9735    0.7303   0.05348   0.01233         0
    78/199     20.1G    0.0295  0.006267         0   0.03577        26       640    0.9538    0.9094    0.9737    0.7267   0.05241   0.01252         0
    79/199     20.1G   0.02889  0.006169         0   0.03506        16       640    0.9198    0.9535    0.9759    0.7302   0.05272   0.01216         0
    80/199     20.1G   0.02952  0.006227         0   0.03575        30       640    0.9325    0.9461    0.9756    0.7261   0.05463   0.01189         0
    81/199     20.1G   0.02896  0.006179         0   0.03514        27       640    0.9159    0.9583    0.9752    0.7359   0.05494   0.01179         0
    82/199     20.1G   0.02827  0.006093         0   0.03436        24       640    0.9367    0.9413    0.9732     0.723    0.0543     0.012         0
    83/199     20.1G   0.02915  0.006224         0   0.03537        26       640    0.9198    0.9533    0.9747    0.7248   0.05306   0.01212         0
    84/199     20.1G   0.02916  0.006183         0   0.03535        28       640    0.9393    0.9458    0.9787    0.7284   0.05181   0.01238         0
    85/199     20.1G   0.02839  0.006092         0   0.03448        29       640    0.9545    0.9267    0.9744    0.7244   0.05354   0.01198         0
    86/199     20.1G   0.02818  0.006036         0   0.03421        21       640    0.9067     0.951    0.9742    0.7344   0.05289   0.01206         0
    87/199     20.1G   0.02827  0.006056         0   0.03433        20       640    0.8941    0.9705    0.9754    0.7366   0.05222   0.01213         0
    88/199     20.1G   0.02808  0.006098         0   0.03418        21       640    0.9206    0.9633    0.9773    0.7458   0.05166   0.01231         0
    89/199     20.1G   0.02753  0.005988         0   0.03351        28       640    0.9426    0.9239     0.976     0.747   0.05262   0.01215         0
    90/199     20.1G   0.02787   0.00594         0   0.03381        15       640    0.9237    0.9487    0.9755    0.7328   0.05274    0.0122         0
    91/199     20.1G   0.02764  0.005907         0   0.03355        25       640    0.9451    0.9266    0.9758    0.7362   0.05265   0.01213         0
    92/199     20.1G    0.0276  0.005976         0   0.03357        24       640    0.9041    0.9682    0.9762    0.7387   0.05132   0.01258         0
    93/199     20.1G   0.02754  0.005844         0   0.03338        17       640    0.9247    0.9608     0.978    0.7397   0.05179   0.01269         0
    94/199     20.1G   0.02724  0.005876         0   0.03312        32       640    0.9361    0.9364    0.9747    0.7454   0.05225   0.01222         0
    95/199     20.1G   0.02691  0.005884         0    0.0328        22       640    0.9438    0.9437    0.9741    0.7321   0.05283   0.01236         0
    96/199     20.1G   0.02659  0.005873         0   0.03247        30       640    0.9222    0.9558    0.9739    0.7372    0.0537   0.01217         0
    97/199     20.1G   0.02691  0.005818         0   0.03273        35       640    0.9124    0.9681    0.9737    0.7378   0.05335   0.01247         0
    98/199     20.1G   0.02696  0.005708         0   0.03267        22       640    0.9224    0.9584    0.9762    0.7406   0.05331    0.0123         0
    99/199     20.1G   0.02694   0.00581         0   0.03276        16       640    0.9289    0.9582    0.9803    0.7416   0.05312   0.01209         0
   100/199     20.1G   0.02668  0.005883         0   0.03257        19       640    0.9261    0.9511    0.9729    0.7385   0.05303   0.01206         0
   101/199     20.1G   0.02722  0.005878         0    0.0331        24       640    0.8204    0.9046     0.816    0.6056   0.05457   0.01623         0
   102/199     20.1G     0.027  0.005956         0   0.03295        30       640    0.9363    0.9338    0.9631    0.7317   0.05359   0.01262         0
   103/199     20.1G   0.02625  0.005799         0   0.03205        44       640    0.9225    0.9609    0.9699    0.7451   0.05282    0.0122         0
   104/199     20.1G   0.02656  0.005641         0    0.0322        32       640    0.9397    0.9535    0.9764    0.7486   0.05204   0.01238         0
   105/199     20.1G   0.02682  0.005761         0   0.03258        17       640    0.9331    0.9554    0.9765    0.7499   0.05284   0.01252         0
   106/199     20.1G   0.02632  0.005723         0   0.03205        13       640    0.9201    0.9584    0.9759     0.746   0.05196    0.0126         0
   107/199     20.1G   0.02609  0.005689         0   0.03178        18       640    0.9272    0.9657     0.974    0.7458   0.05161    0.0127         0
   108/199     20.1G   0.02559  0.005777         0   0.03137        17       640    0.9085    0.9706    0.9721    0.7482   0.05211   0.01286         0
   109/199     20.1G   0.02605  0.005747         0    0.0318        24       640     0.927    0.9633    0.9716     0.737   0.05142   0.01283         0
   110/199     20.1G   0.02593  0.005734         0   0.03167        25       640    0.9066    0.9731    0.9724    0.7539   0.05118   0.01268         0
   111/199     20.1G   0.02579  0.005778         0   0.03157        23       640    0.9415    0.9437     0.974    0.7515   0.05251   0.01262         0
   112/199     20.1G   0.02544  0.005757         0    0.0312        24       640    0.9144    0.9707    0.9764    0.7489   0.05169   0.01259         0
   113/199     20.1G   0.02548  0.005728         0   0.03121        23       640     0.925    0.9658    0.9776    0.7582   0.05158   0.01276         0
   114/199     20.1G   0.02539  0.005514         0    0.0309        16       640    0.9349    0.9511    0.9763    0.7496   0.05109   0.01288         0
   115/199     20.1G   0.02555  0.005703         0   0.03125        30       640    0.9281    0.9462    0.9729    0.7524   0.05161   0.01266         0
   116/199     20.1G   0.02478  0.005484         0   0.03026        29       640    0.9241    0.9535    0.9747    0.7517   0.05248   0.01264         0
   117/199     20.1G   0.02534   0.00566         0     0.031        44       640    0.9087     0.973    0.9732    0.7483   0.05158   0.01281         0
   118/199     20.1G   0.02508  0.005378         0   0.03046        23       640    0.9419    0.9535     0.977    0.7529   0.05236   0.01273         0
   119/199     20.1G   0.02484  0.005538         0   0.03038        32       640    0.9418    0.9511    0.9809    0.7521   0.05203   0.01276         0
   120/199     20.1G   0.02498  0.005706         0   0.03069        22       640    0.9294    0.9657    0.9824    0.7613   0.04921   0.01302         0
   121/199     20.1G   0.02395  0.005389         0   0.02934        23       640    0.9252    0.9682    0.9805    0.7551   0.04959   0.01306         0
   122/199     20.1G   0.02478  0.005653         0   0.03043        35       640     0.938    0.9658    0.9786    0.7552   0.05049    0.0126         0
   123/199     20.1G   0.02441  0.005541         0   0.02995        24       640    0.9305    0.9511    0.9792    0.7589   0.04979   0.01286         0
   124/199     20.1G   0.02446  0.005466         0   0.02993        20       640      0.94    0.9584    0.9805    0.7547   0.05078     0.013         0
   125/199     20.1G   0.02417  0.005441         0   0.02961        21       640    0.9318    0.9682     0.981    0.7554   0.05082   0.01293         0
   126/199     20.1G   0.02438  0.005424         0    0.0298        20       640     0.934    0.9682    0.9819    0.7576   0.05137   0.01299         0
   127/199     20.1G   0.02392   0.00547         0   0.02939        26       640    0.9195     0.978    0.9809    0.7563    0.0514     0.013         0
   128/199     20.1G   0.02429  0.005625         0   0.02992        32       640     0.925    0.9658    0.9788    0.7499   0.05106   0.01319         0
   129/199     20.1G   0.02394  0.005557         0    0.0295        11       640    0.9291    0.9608    0.9793    0.7585   0.05047   0.01329         0
   130/199     20.1G    0.0241  0.005466         0   0.02957        27       640    0.9235    0.9756    0.9823    0.7669   0.05067   0.01292         0
   131/199     20.1G   0.02449  0.005495         0   0.02999        27       640    0.9313    0.9608    0.9797    0.7606   0.05026   0.01299         0
   132/199     20.1G   0.02399  0.005516         0   0.02951        25       640     0.927    0.9633    0.9799    0.7646   0.04888    0.0131         0
   133/199     20.1G   0.02356  0.005341         0   0.02891        13       640    0.9293    0.9658    0.9833    0.7665   0.04935   0.01323         0
   134/199     20.1G   0.02386  0.005361         0   0.02923        11       640    0.9384    0.9679    0.9807    0.7685   0.04918    0.0131         0
   135/199     20.1G   0.02375  0.005384         0   0.02913        21       640    0.9257    0.9756    0.9818    0.7624   0.04942   0.01348         0
   136/199     20.1G   0.02316  0.005301         0   0.02846        26       640    0.9364    0.9731     0.983    0.7605   0.04876   0.01345         0
   137/199     20.1G   0.02413   0.00552         0   0.02965        16       640    0.9188    0.9682    0.9797    0.7661   0.04845   0.01314         0
   138/199     20.1G   0.02398   0.00556         0   0.02954        19       640    0.9188    0.9681    0.9808    0.7619   0.04729   0.01345         0
   139/199     20.1G   0.02368   0.00548         0   0.02916        21       640    0.9296    0.9682     0.982    0.7575   0.04621   0.01365         0
   140/199     20.1G   0.02367  0.005474         0   0.02914        21       640    0.9312    0.9609    0.9813     0.763   0.04728   0.01348         0
   141/199     20.1G   0.02329  0.005348         0   0.02863        23       640    0.9207    0.9657    0.9809    0.7594   0.04682   0.01359         0
   142/199     20.1G   0.02365  0.005507         0   0.02916        23       640    0.9215    0.9753    0.9817     0.752   0.04721   0.01365         0
   143/199     20.1G   0.02361  0.005362         0   0.02897        22       640     0.931     0.956    0.9598    0.7346   0.04825   0.01383         0
   144/199     20.1G   0.02348  0.005251         0   0.02874        19       640     0.917     0.973    0.9699     0.746   0.04743   0.01364         0
   145/199     20.1G   0.02295  0.005465         0   0.02841        25       640    0.8617    0.9756    0.8985    0.6881   0.04685   0.01792         0
   146/199     20.1G   0.02307  0.005376         0   0.02844        29       640    0.9147    0.9707    0.9672    0.7386   0.04737   0.01415         0
   147/199     20.1G   0.02358  0.005389         0   0.02897        29       640    0.8544    0.9755    0.9003    0.6922   0.04743   0.01884         0
   148/199     20.1G    0.0229  0.005437         0   0.02834        22       640    0.8453    0.9756    0.8756    0.6681    0.0485   0.02054         0
   149/199     20.1G   0.02301   0.00521         0   0.02822        20       640    0.9413     0.956    0.9809    0.7639   0.04794   0.01384         0
   150/199     20.1G   0.02311  0.005344         0   0.02845        27       640    0.8991    0.9584    0.9248    0.7048   0.04769   0.01579         0
   151/199     20.1G   0.02321  0.005347         0   0.02855        19       640    0.9181    0.9878    0.9843    0.7659   0.04828    0.0137         0
   152/199     20.1G   0.02263  0.005296         0   0.02793        19       640    0.6281    0.9707    0.6424    0.4808   0.04793   0.01819         0
   153/199     20.1G   0.02259  0.005312         0   0.02791        31       640    0.9206    0.9633     0.967    0.7518   0.04768   0.01382         0
   154/199     20.1G   0.02374  0.005576         0   0.02932        35       640    0.9116     0.958    0.9495    0.7159   0.04833   0.01617         0
   155/199     20.1G   0.02363  0.005445         0   0.02907        43       640     0.936    0.9658    0.9805    0.7537    0.0471   0.01418         0
   156/199     20.1G   0.02344  0.005284         0   0.02872        36       640    0.9163    0.9658     0.974    0.7573   0.04755   0.01374         0
   157/199     20.1G   0.02287  0.005322         0   0.02819        27       640    0.9276    0.9706    0.9819    0.7588   0.04864   0.01358         0
   158/199     20.1G   0.02296  0.005172         0   0.02813        22       640    0.9254    0.9706    0.9808    0.7627   0.04955   0.01343         0
   159/199     20.1G   0.02245  0.005221         0   0.02767        17       640    0.9188    0.9682    0.9812    0.7593   0.04984   0.01359         0
   160/199     20.1G   0.02228  0.005284         0   0.02756        28       640    0.9126    0.9702    0.9821    0.7649   0.04979   0.01361         0
   161/199     20.1G   0.02258   0.00523         0   0.02781        29       640    0.9314    0.9658    0.9821    0.7591   0.04887    0.0139         0
   162/199     20.1G   0.02216  0.005338         0   0.02749        28       640    0.9193    0.9755    0.9832    0.7671   0.04868   0.01372         0
   163/199     20.1G   0.02229  0.005193         0   0.02749        26       640    0.9309    0.9558    0.9826    0.7655   0.04849   0.01367         0
   164/199     20.1G   0.02207  0.005125         0    0.0272        19       640    0.9234    0.9731    0.9816    0.7638   0.04822   0.01381         0
   165/199     20.1G   0.02216  0.005102         0   0.02726        20       640    0.9422    0.9584    0.9809     0.761   0.04869   0.01366         0
   166/199     20.1G   0.02164  0.005043         0   0.02668        14       640    0.9358    0.9633    0.9814    0.7632   0.04914   0.01365         0
   167/199     20.1G    0.0221  0.005227         0   0.02733        18       640    0.9274    0.9682    0.9753    0.7566   0.05008    0.0136         0
   168/199     20.1G   0.02194  0.005071         0   0.02701        30       640    0.9231    0.9681    0.9809     0.765   0.04905   0.01355         0
   169/199     20.1G    0.0219  0.005326         0   0.02723        38       640    0.9075    0.9609    0.9386    0.7228   0.04887   0.01562         0
   170/199     20.1G   0.02183  0.005173         0     0.027        23       640    0.9181    0.9609    0.9564     0.745   0.04862   0.01408         0
   171/199     20.1G   0.02164  0.004984         0   0.02662        33       640    0.9188    0.9682    0.9594    0.7521   0.04911   0.01401         0
   172/199     20.1G   0.02145  0.005125         0   0.02657        26       640    0.8928     0.978    0.9447     0.732   0.04956   0.01441         0
   173/199     20.1G   0.02153  0.005114         0   0.02665        27       640    0.7557    0.9682    0.7585    0.5798   0.04962   0.01651         0
   174/199     20.1G   0.02163  0.005158         0   0.02679        15       640    0.9138    0.9609    0.9338    0.7258   0.04889   0.01418         0
   175/199     20.1G   0.02139  0.005147         0   0.02653        31       640    0.9209    0.9681    0.9589    0.7486   0.04823   0.01429         0
   176/199     20.1G   0.02202  0.005148         0   0.02716        19       640    0.9151    0.9754    0.9571    0.7441   0.04821   0.01409         0
   177/199     20.1G   0.02127  0.005059         0   0.02633        27       640    0.9232    0.9706    0.9723    0.7576   0.04806   0.01421         0
   178/199     20.1G   0.02153  0.005076         0   0.02661        18       640    0.9136    0.9829    0.9805    0.7687    0.0482   0.01394         0
   179/199     20.1G   0.02141  0.005217         0   0.02663        30       640    0.9422    0.9559    0.9809    0.7682   0.04838   0.01394         0
   180/199     20.1G   0.02156  0.005032         0   0.02659        24       640     0.934    0.9681    0.9806    0.7728   0.04836   0.01395         0
   181/199     20.1G   0.02155  0.005152         0   0.02671        28       640    0.9339    0.9682    0.9788    0.7702    0.0483     0.014         0
   182/199     20.1G   0.02151  0.005003         0   0.02651        34       640    0.9341    0.9707    0.9803    0.7694   0.04872   0.01384         0
   183/199     20.1G   0.02082  0.004898         0   0.02572        25       640    0.9237     0.978     0.973    0.7613   0.04861   0.01417         0
   184/199     20.1G   0.02121  0.004929         0   0.02614        27       640    0.9197    0.9804     0.976    0.7657   0.04856   0.01415         0
   185/199     20.1G   0.02057   0.00502         0   0.02559        22       640    0.9403    0.9633    0.9735    0.7654   0.04829   0.01417         0
   186/199     20.1G   0.02123  0.005016         0   0.02624        30       640    0.9318    0.9682    0.9726    0.7609   0.04781   0.01487         0
   187/199     20.1G   0.02147  0.005064         0   0.02653        31       640    0.9257    0.9756    0.9751    0.7663   0.04828   0.01422         0
   188/199     20.1G    0.0204  0.004923         0   0.02532        30       640    0.9381    0.9633    0.9707    0.7621   0.04882   0.01412         0
   189/199     20.1G   0.02101  0.005003         0   0.02601        27       640    0.9209    0.9682    0.9607    0.7509   0.04871   0.01539         0
   190/199     20.1G   0.02112  0.005046         0   0.02617        29       640    0.9343    0.9731    0.9813    0.7642    0.0481   0.01423         0
   191/199     20.1G   0.02071  0.005014         0   0.02572        46       640    0.9297    0.9707    0.9805    0.7658   0.04797   0.01416         0
   192/199     20.1G   0.02089  0.004886         0   0.02577        25       640    0.9344    0.9755    0.9797    0.7612   0.04783   0.01435         0
   193/199     20.1G   0.02083  0.004982         0   0.02582        31       640    0.9339    0.9682    0.9792    0.7668   0.04795   0.01427         0
   194/199     20.1G   0.02052   0.00503         0   0.02555        30       640    0.9362    0.9681    0.9801    0.7711   0.04781   0.01428         0
   195/199     20.1G   0.02069  0.005024         0   0.02572        24       640    0.9238    0.9779    0.9814    0.7706   0.04812   0.01413         0
   196/199     20.1G   0.02054  0.004989         0   0.02553        21       640    0.9235    0.9756    0.9817     0.771   0.04799   0.01424         0
   197/199     20.1G    0.0203  0.004968         0   0.02527        34       640    0.9257    0.9756    0.9815    0.7696   0.04805   0.01415         0
   198/199     20.1G   0.02019  0.004954         0   0.02515        18       640    0.9261    0.9804    0.9815     0.771   0.04784   0.01423         0
   199/199     20.1G   0.02057  0.004922         0   0.02549        18       640    0.9316    0.9655     0.973    0.7647    0.0479   0.01429         0
